	PIF_178	PIF_087	PIF_090	NETL_005_V1	PIF_115	PIF_110	NETL_019_V1	NETCR_014_V1	NETCR_014_V2	PIF_154	NETL_022_V1	NETL_022_V2	NETL_008_V1	PIF_146	PIF_119	PIF_099	PIF_162	PIF_160	PIF_113	PIF_143	NETCR_007_V1	NETCR_007_V2	PIF_137	PIF_100	NETL_004_V1	PIF_094	PIF_132	PIF_163	NETCR_003_V1	NETL_028_V1	NETL_028_V2	NETCR_013_V1	NETL_020_V1	NETL_020_V2	PIF_192	NETCR_012_V1	NETCR_012_V2	PIF_089	NETCR_002_V1	PIF_179	PIF_114	NETCR_006_V1	PIF_141	NETCR_025_V1	NETCR_025_V2	NETCR_016_V1	PIF_116	PIF_191	PIF_164	NETL_013_V1	PIF_188	PIF_195	NETCR_015_V1	PIF_102	NETL_010_V1	NETL_010_V2	NETL_001_V1	NETCR_015_V2	NETCR_005_V1	PIF_111	PIF_171	NETCR_008_V1	NETCR_008_V2	NETL_017_V1	NETL_017_V2	NETL_002_V1	NETL_002_V2	PIF_190	NETCR_009_V1	NETCR_009_V2	NETL_007_V1	PIF_112	NETCR_019_V2	NETL_012_V1	NETL_012_V2	NETL_003_V1	NETL_003_V2
X1.6.Anhydro.beta.D.glucose	40.85	62.18	270.43	154.47	22.2	212.72	151.41	31.5	51.42	117.92	20.7	127.74	59.74	89.12	23.57	41.26	589.93	112.17	167.34	183.09	208.51	34.81	333.62	32.46	4.71	68.72	214.86	304.9	37.71	45.6	34.12	107.77	13.33	27.94	141.17	14.01	244.69	123.97	141.17	35.16	685.4	278.66	15.8	29.96	16.95	292.95	29.67	18.92	127.74	34.81	65.37	15.18	70.81	25.28	34.47	18.54	37.34	33.78	22.42	146.94	64.07	32.46	113.3	22.2	46.53	192.48	528.48	28.79	181.27	47.47	15.96	22.87	35.16	16.95	9.39	37.71	38.47
X1.Methylnicotinamide	65.37	340.36	64.72	52.98	73.7	31.82	36.6	6.82	30.27	52.46	221.41	177.68	50.91	32.79	6.89	8.67	21.98	25.28	19.89	90.92	53.52	95.58	35.87	9.68	11.13	13.87	127.74	25.79	10.8	473.43	92.76	16.61	50.91	80.64	68.03	46.06	116.75	81.45	28.5	26.58	36.23	40.45	23.57	96.54	114.43	57.97	70.11	24.53	1032.77	12.3	24.05	94.63	75.94	101.49	12.81	8.41	55.15	53.52	55.15	10.07	6.42	14.01	43.38	20.7	9.78	108.85	225.88	9.21	48.42	7.69	16.12	10.38	52.46	15.8	14.01	18.17	12.55
X2.Aminobutyrate	18.73	24.29	12.18	172.43	15.64	18.36	8.67	4.18	7.54	19.49	15.18	12.68	6.82	10.38	2.12	2.56	15.18	15.49	13.46	8.94	5.26	23.57	7.92	3.9	43.38	12.18	31.5	27.11	5	16.28	8.25	26.84	2.92	15.8	40.85	29.08	40.04	55.15	20.29	5.21	32.46	55.15	17.99	6.55	2.53	167.34	5.58	3.29	8.58	5.87	4.71	11.36	22.65	8.33	3.78	3.78	7.39	18.17	20.7	6.3	28.79	2.97	4.66	7.85	3.1	7.77	13.46	5.53	8.94	4.06	1.93	1.28	13.87	10.49	5.16	26.05	15.03
X2.Hydroxyisobutyrate	26.05	41.68	65.37	74.44	83.93	80.64	42.52	12.94	34.81	72.24	28.79	15.03	46.06	32.14	7.85	7.85	46.06	47.94	31.19	64.07	47.94	68.03	54.6	11.02	30.88	25.03	33.78	40.45	8.25	63.43	16.61	32.46	40.85	64.72	12.81	24.53	61.56	70.81	14.3	30.27	85.63	51.42	37.34	65.37	77.48	82.27	18.73	10.49	66.02	15.18	15.8	8.17	60.95	59.15	8.33	4.85	36.23	46.53	38.47	27.94	18.92	5.16	27.11	19.69	9.3	46.06	93.69	17.64	51.94	9.3	15.8	5.58	44.26	22.42	23.57	15.03	12.55
X2.Oxoglutarate	71.52	67.36	23.81	1199.91	33.12	47.94	223.63	25.03	80.64	73.7	357.81	68.03	111.05	32.46	8.33	6.89	32.79	28.79	47.94	20.49	212.72	287.15	20.49	170.72	104.58	28.22	88.23	70.81	11.7	221.41	55.15	62.8	46.99	88.23	26.05	64.07	174.16	92.76	97.51	7.39	25.03	74.44	21.33	1053.63	2465.13	468.72	5.53	9.68	38.09	16.78	7.24	5.64	230.44	88.23	14.3	8.08	75.94	81.45	164.02	24.05	85.63	8.08	22.42	38.47	10.59	55.15	230.44	14.44	982.4	65.37	25.28	8.5	99.48	62.8	46.99	23.34	22.2
X3.Aminoisobutyrate	1480.3	116.75	14.3	555.57	29.67	17.46	56.26	8.67	17.99	57.97	93.69	105.64	8.08	43.38	2.97	6.36	31.82	16.12	79.04	18.73	50.4	104.58	63.43	2.97	54.05	72.97	64.07	126.47	8.41	15.49	3.39	29.67	22.42	11.7	21.76	13.07	53.52	561.16	8.41	8.41	184.93	354.25	26.84	14.15	19.49	53.52	2.61	26.84	66.69	11.25	3.13	5.99	53.52	22.65	24.29	22.87	9.87	44.7	206.44	14.88	31.82	5.99	27.11	9.3	13.2	7.03	10.8	15.49	198.34	50.4	13.46	13.74	208.51	10.91	13.33	33.45	21.33
X3.Hydroxybutyrate	56.83	43.82	5.64	175.91	76.71	31.82	11.59	1.73	9.03	26.84	13.07	29.08	17.12	8.08	1.7	3.42	25.03	30.27	11.7	26.05	30.27	60.34	29.96	6.36	7.61	11.47	54.05	16.95	6.75	41.68	9.03	44.26	10.07	19.49	45.6	11.82	45.15	43.38	5.58	5.81	38.09	94.63	7.1	45.15	62.18	14.59	2.44	5.37	21.76	2.23	14.59	6.49	17.81	34.12	3.16	3.22	7.24	17.81	15.03	8.76	26.31	3.29	9.49	3.74	5.31	3.29	15.03	6.82	20.7	4.22	4.01	3.56	11.25	6.96	3.35	6.05	5.99
X3.Hydroxyisovalerate	10.07	79.84	23.34	25.03	69.41	35.16	25.79	8.76	3.25	28.5	4.26	53.52	16.78	20.49	5.58	6.23	7.69	21.33	12.55	51.42	6.82	42.95	47.47	2.46	7.92	25.03	164.02	51.42	5.26	52.46	16.61	20.91	4.06	5.26	20.7	21.12	44.7	31.82	23.1	21.33	32.79	16.28	42.52	41.68	14.01	11.36	14.44	12.94	43.82	2.46	9.12	3.6	6.96	46.99	5.99	5.05	4.22	4.48	7.24	6.55	9.39	1.67	2.94	3.56	1.7	30.27	60.95	9.3	57.4	0.92	4.18	6.36	6.49	3.46	2.69	5.26	3.42
X3.Indoxylsulfate	566.8	368.71	665.14	411.58	165.67	183.09	223.63	111.05	391.51	116.75	361.41	376.15	379.93	317.35	82.27	90.02	109.95	347.23	184.93	204.38	200.34	333.62	247.15	34.81	210.61	119.1	692.29	144.03	44.26	1043.15	278.66	459.44	97.51	125.21	123.97	48.91	62.8	144.03	48.42	132.95	572.49	595.86	138.38	117.92	82.27	518.01	188.67	50.4	376.15	108.85	37.71	62.8	137	441.42	42.52	31.19	103.54	31.82	159.17	126.47	614	41.26	202.35	64.07	27.66	152.93	167.34	104.58	502.7	54.6	37.34	68.72	179.47	164.02	82.27	105.64	113.3
X4.Hydroxyphenylacetate	120.3	432.68	292.95	214.86	97.51	132.95	59.15	33.78	145.47	50.4	59.74	160.77	174.16	86.49	17.64	25.03	148.41	73.7	74.44	115.58	46.53	117.92	237.46	70.11	31.19	134.29	278.66	89.12	29.37	149.9	30.57	162.39	75.19	183.09	56.83	21.33	43.38	76.71	64.72	62.8	228.15	265.07	65.37	51.94	114.43	376.15	52.98	26.31	149.9	57.4	48.42	41.68	59.15	432.68	52.98	21.33	70.11	83.1	84.77	38.86	172.43	15.49	60.34	29.96	26.84	123.97	202.35	29.08	796.32	93.69	33.78	23.81	82.27	31.5	36.97	45.6	22.87
Acetate	126.47	212.72	314.19	37.34	407.48	81.45	51.42	7.46	9.97	100.48	27.94	30.88	55.15	95.58	69.41	79.84	91.84	70.81	42.52	82.27	25.03	82.27	50.4	77.48	13.07	103.54	411.58	108.85	22.2	31.82	10.38	70.81	29.37	42.52	24.29	9.58	16.44	152.93	18.54	103.54	188.67	95.58	21.98	29.37	125.21	72.24	91.84	13.6	116.75	3.49	9.49	86.49	16.28	202.35	9.12	6.82	28.79	29.96	11.13	65.37	95.58	9.39	55.15	5.7	4.85	39.65	47.47	14.88	55.15	14.3	26.84	18.36	25.03	33.45	3.56	7.32	11.82
Acetone	9.49	11.82	4.44	206.44	44.26	14.44	3.25	2.8	8.67	9.12	6.49	7.92	9.21	8.67	6.23	3.16	17.64	4.22	9.39	3.82	5.05	5.26	4.35	2.29	7.61	12.06	14.73	8.67	4.9	14.01	6.05	5.31	8.58	28.5	18.36	8.33	11.13	4.01	13.74	6.96	8.41	7.92	10.91	4.01	5	6.62	3.03	4.9	7.61	5.58	3	6.05	7.1	7.1	10.49	12.55	2.29	10.18	11.25	4.14	5.7	5.42	6.36	21.76	23.81	6.75	7.1	22.42	3.1	4.35	7.46	2.32	10.28	4.95	7.03	14.73	6.82
Adipate	38.09	327.01	131.63	144.03	15.03	25.28	8.41	3.53	8.25	14.59	18.54	259.82	11.02	9.03	3.16	4.81	22.87	15.8	12.43	20.49	18.54	28.79	23.1	3.6	6.11	32.14	68.72	14.15	5.81	21.33	8.94	8.5	11.36	11.02	39.65	6.49	10.18	30.57	13.2	6.42	16.78	16.44	13.87	27.66	37.34	57.97	3.94	3.35	19.11	3.9	6.42	4.81	6.17	18.54	3.46	3.46	5.37	14.15	6.23	16.12	8	1.99	8.58	2.53	1.55	11.47	58.56	9.21	9.03	5.75	8.5	2.94	8.33	4.95	4.14	6.82	6.36
Alanine	314.19	871.31	464.05	589.93	1118.79	237.46	336.97	69.41	102.51	962.95	164.02	502.7	217.02	167.34	34.47	26.84	441.42	188.67	237.46	333.62	254.68	555.57	399.41	78.26	170.72	454.86	1312.91	357.81	29.08	473.43	212.72	330.3	95.58	145.47	87.36	89.12	273.14	478.19	327.01	194.42	304.9	601.85	103.54	403.43	632.7	502.7	86.49	104.58	432.68	48.91	41.26	78.26	376.15	330.3	28.79	21.76	152.93	464.05	221.41	105.64	278.66	16.78	61.56	56.26	20.49	186.79	372.41	56.26	601.85	93.69	58.56	47.47	181.27	78.26	56.26	79.04	75.19
Asparagine	159.17	157.59	89.12	273.14	42.52	157.59	71.52	13.87	32.79	221.41	32.14	64.72	32.14	47.94	13.33	14.3	79.04	54.05	35.87	61.56	96.54	94.63	102.51	16.61	27.66	98.49	132.95	37.34	15.64	125.21	35.52	45.15	19.69	66.69	47.47	24.05	117.92	132.95	62.8	42.1	66.02	177.68	64.07	41.26	89.12	101.49	8	33.12	121.51	12.43	13.07	19.49	130.32	64.07	14.3	8.17	47.94	134.29	62.8	26.05	34.47	6.69	29.96	20.49	12.81	38.47	55.15	17.46	152.93	37.34	15.49	16.78	31.19	17.46	29.08	31.5	17.64
Betaine	109.95	244.69	116.75	278.66	391.51	66.69	149.9	15.33	31.19	149.9	219.2	137	167.34	56.83	41.68	4.06	157.59	78.26	60.34	68.72	131.63	170.72	66.02	50.91	94.63	88.23	156.02	107.77	4.53	114.43	56.26	64.72	127.74	208.51	22.87	45.15	347.23	116.75	126.47	75.94	146.94	39.25	34.12	130.32	120.3	54.05	28.79	59.15	109.95	5.37	11.25	8.58	311.06	55.15	7.92	11.25	70.11	247.15	48.42	13.33	42.52	2.29	14.73	37.71	43.82	21.76	44.26	102.51	137	20.7	27.39	9.58	107.77	18.73	43.38	24.29	21.98
Carnitine	265.07	120.3	25.03	200.34	84.77	40.04	127.74	9.87	7.32	487.85	230.44	35.87	14.88	16.95	24.53	18.36	62.8	24.05	12.06	15.18	29.37	19.3	20.91	4.44	28.79	42.52	33.78	117.92	2.18	91.84	54.6	70.81	61.56	151.41	11.13	6.62	23.1	23.34	120.3	18.54	19.69	90.02	65.37	60.95	15.96	23.81	5.53	13.2	59.74	14.44	18.92	5.26	206.44	111.05	16.12	16.95	7.92	8.41	20.09	70.11	22.87	2.72	26.84	46.06	11.7	34.47	54.6	21.12	12.94	3.06	19.49	44.7	11.94	5.31	13.6	40.45	32.79
Citrate	3714.5	2617.57	862.64	13629.61	854.06	1958.63	3944.19	788.4	1669.03	4675.07	3533.34	854.06	1772.24	323.76	265.07	80.64	897.85	2489.91	4447.07	2643.87	2835.57	5377.61	1958.63	223.63	1422.26	3677.54	9045.29	2230.54	415.72	3714.5	915.99	3071.74	2186.37	2298.47	2392.27	1790.05	4188.09	2951.3	1380.22	1002.25	3604.72	459.44	1366.49	4964.16	7480.09	2697.28	2208.35	502.7	4230.18	177.68	87.36	214.86	4105.16	3327.58	259.82	179.47	2079.74	4105.16	2540.2	1074.92	735.1	59.74	1118.79	972.63	254.68	1719.86	2416.32	432.68	3133.79	1790.05	1012.32	626.41	2921.93	1719.86	1366.49	651.97	424.11
Creatine	196.37	212.72	221.41	85.63	105.64	200.34	383.75	5.81	35.16	126.47	1450.99	1863.11	125.21	102.51	11.7	18.54	419.89	170.72	97.51	55.7	44.26	48.91	71.52	9.58	38.86	43.82	105.64	62.18	4.26	424.11	270.43	40.85	7.92	34.81	27.66	11.47	192.48	232.76	38.09	37.71	76.71	132.95	54.05	71.52	117.92	90.02	41.26	2.75	259.82	6.36	9.03	18.54	46.99	93.69	84.77	395.44	24.29	91.84	49.4	20.91	20.49	4.26	29.67	7.39	4.35	8	30.88	22.65	202.35	9.3	11.94	5.42	30.57	7.17	12.94	17.64	16.28
Creatinine	16481.6	15835.35	24587.66	20952.22	6768.26	15677.78	8022.46	2208.35	6634.24	8690.62	8433.78	6904.99	15677.78	12209.87	1480.3	1635.98	9701.15	10198.54	6974.39	11158.98	9798.65	14328.42	13359.73	1261.43	4865.87	8349.86	33860.35	11271.13	1737.15	21590.31	4188.09	11731.12	5431.66	8349.86	5014.05	4315.64	13359.73	16481.6	7631.2	3197.1	12332.58	19930.37	7115.28	14764.78	22247.84	14328.42	2864.07	1702.75	15063.05	2392.27	2489.91	3604.72	9996.6	7480.09	1480.3	1064.22	6974.39	8266.78	11849.01	3827.63	10614.75	1339.43	7785.36	5115.34	1571.84	6768.26	13359.73	2121.76	13493.99	2298.47	3165.29	1002.25	10097.06	3789.54	3498.19	3498.19	2864.07
Dimethylamine	632.7	607.89	735.1	1064.22	242.26	614	333.62	73.7	214.86	350.72	361.41	273.14	678.58	437.03	46.99	56.26	395.44	1422.26	275.89	379.93	361.41	665.14	539.15	102.51	214.86	350.72	1556.2	336.97	71.52	665.14	142.59	424.11	230.44	327.01	190.57	142.59	411.58	632.7	237.46	125.21	1032.77	1141.39	204.38	528.48	812.41	584.06	90.92	44.7	497.7	83.93	142.59	142.59	304.9	340.36	102.51	41.26	192.48	249.64	368.71	120.3	459.44	56.26	304.9	151.41	87.36	219.2	419.89	104.58	454.86	89.12	130.32	44.7	314.19	127.74	365.04	151.41	148.41
Ethanolamine	645.48	487.85	407.48	820.57	365.04	459.44	217.02	55.7	183.09	437.03	184.93	175.91	354.25	144.03	37.34	29.96	200.34	244.69	290.03	407.48	450.34	713.37	350.72	16.12	86.49	252.14	1436.55	468.72	32.79	212.72	208.51	336.97	135.64	202.35	125.21	102.51	407.48	645.48	144.03	50.91	239.85	539.15	237.46	383.75	735.1	614	82.27	48.91	432.68	66.69	35.87	34.12	906.87	320.54	58.56	51.42	204.38	692.29	265.07	206.44	196.37	40.45	144.03	131.63	40.85	145.47	239.85	86.49	555.57	114.43	138.38	21.54	395.44	112.17	112.17	61.56	53.52
Formate	441.42	252.14	249.64	468.72	114.43	314.19	67.36	49.9	68.03	320.54	83.93	165.67	46.06	91.84	79.84	57.4	53.52	89.12	160.77	314.19	130.32	198.34	154.47	58.56	36.23	202.35	1480.3	368.71	21.98	115.58	102.51	196.37	130.32	142.59	120.3	62.18	148.41	379.93	175.91	146.94	403.43	89.12	165.67	62.18	119.1	27.66	87.36	34.47	219.2	17.29	15.49	52.98	292.95	235.1	45.6	21.54	72.24	181.27	85.63	112.17	167.34	6.42	45.15	28.22	24.05	113.3	100.48	61.56	47.94	20.7	71.52	46.53	149.9	42.95	61.56	65.37	95.58
Fucose	336.97	198.34	186.79	407.48	26.05	123.97	55.7	18.17	72.97	57.4	138.38	94.63	210.61	101.49	24.05	31.19	64.07	26.84	61.56	117.92	82.27	156.02	93.69	13.6	24.29	86.49	181.27	109.95	12.55	167.34	38.09	159.17	60.95	57.4	42.52	18.17	101.49	204.38	43.38	48.42	79.04	336.97	37.71	130.32	237.46	196.37	30.27	17.12	196.37	26.58	47.47	31.82	148.41	64.07	15.33	5.7	91.84	87.36	37.71	25.79	137	15.18	91.84	24.53	6.89	52.46	131.63	22.87	86.49	31.82	52.46	15.64	82.27	29.37	24.05	70.81	52.46
Fumarate	7.69	18.92	7.1	96.54	19.69	5.05	4.71	1.86	3.56	12.06	10.91	11.47	6.05	3.49	1.48	2.23	10.49	3.39	5.21	3.1	4.85	7.85	19.11	17.46	8.17	7.17	7.54	5.7	0.9	10.07	1.82	2.69	2.32	4.14	2.86	2.01	6.05	9.97	3.67	2.18	10.28	7.32	2.14	31.19	75.94	23.81	1.12	1.99	6.89	1.21	1.6	3.71	6.82	9.58	1.36	0.79	2.69	5.7	4.1	3.6	8.08	1.46	1.14	2.05	3.35	4.26	6.69	3.1	36.23	3.42	1.21	1.62	3.67	2.48	3.63	2.51	1.62
Glucose	395.44	8690.62	1352.89	862.64	6836.29	512.86	237.46	80.64	177.68	972.63	170.72	473.43	419.89	183.09	43.82	57.97	105.64	387.61	221.41	473.43	267.74	528.48	845.56	5943.18	109.95	403.43	1032.77	632.7	69.41	333.62	62.8	267.74	126.47	156.02	99.48	79.84	445.86	595.86	210.61	445.86	314.19	1450.99	117.92	407.48	399.41	788.4	87.36	34.81	327.01	75.19	44.26	114.43	320.54	336.97	42.95	38.09	92.76	221.41	214.86	164.02	304.9	57.97	139.77	76.71	71.52	162.39	281.46	75.19	275.89	68.72	75.94	26.84	188.67	122.73	121.51	78.26	72.97
Glutamine	871.31	601.85	301.87	1685.81	432.68	298.87	561.16	71.52	145.47	1022.49	179.47	445.86	237.46	121.51	36.6	26.84	512.86	214.86	225.88	399.41	487.85	888.91	445.86	38.09	116.75	415.72	539.15	772.78	32.14	333.62	114.43	492.75	157.59	214.86	145.47	145.47	368.71	482.99	454.86	278.66	533.79	780.55	181.27	403.43	528.48	555.57	92.76	46.99	290.03	24.29	35.52	29.37	437.03	284.29	43.82	23.34	181.27	685.4	287.15	75.19	273.14	32.14	91.84	41.26	41.26	122.73	275.89	45.6	862.64	121.51	123.97	57.97	225.88	113.3	113.3	122.73	123.97
Glycine	2038.56	1107.65	620.17	5064.45	395.44	482.99	3428.92	196.37	292.95	3294.47	492.75	607.89	880.07	330.3	104.58	74.44	160.77	1141.39	2298.47	1096.63	992.27	1261.43	1958.63	52.46	518.01	1422.26	2751.77	3428.92	68.72	720.54	415.72	671.83	336.97	424.11	454.86	262.43	749.95	2697.28	871.31	528.48	595.86	1881.83	487.85	678.58	699.24	962.95	257.24	237.46	2275.6	46.06	89.12	141.17	1286.91	871.31	86.49	78.26	1152.86	1261.43	906.87	383.75	482.99	38.09	307.97	186.79	75.94	450.34	788.4	184.93	2038.56	845.56	492.75	265.07	492.75	845.56	804.32	244.69	192.48
Glycolate	685.4	651.97	141.17	70.81	26.58	428.38	290.03	70.11	33.12	589.93	132.95	149.9	228.15	249.64	12.06	36.23	181.27	190.57	141.17	595.86	437.03	478.19	23.81	10.91	107.77	204.38	428.38	90.02	42.95	148.41	172.43	267.74	94.63	257.24	66.69	20.91	307.97	72.97	200.34	117.92	164.02	550.04	244.69	232.76	464.05	177.68	16.44	32.14	130.32	46.53	50.91	38.86	320.54	34.81	7.85	5.42	320.54	441.42	327.01	103.54	41.68	28.79	112.17	29.67	20.7	284.29	720.54	51.42	186.79	66.02	90.02	61.56	317.35	75.19	56.83	89.12	77.48
Guanidoacetate	154.47	109.95	183.09	102.51	52.98	57.97	101.49	42.52	56.26	188.67	137	154.47	83.93	99.48	18.17	25.28	112.17	51.42	18.54	132.95	57.4	98.49	49.4	19.69	108.85	95.58	265.07	145.47	15.18	62.8	62.8	96.54	18.92	51.42	19.11	25.03	198.34	82.27	21.12	24.29	130.32	33.78	561.16	103.54	164.02	127.74	66.69	17.99	116.75	16.95	106.7	87.36	192.48	34.81	83.93	51.94	69.41	301.87	95.58	64.72	35.52	7.46	72.24	15.18	11.36	50.4	79.04	7.03	242.26	45.6	42.52	11.25	83.1	17.64	44.7	42.1	14.3
Hippurate	4582.5	1737.15	4315.64	757.48	1152.86	3568.85	2368.47	254.68	365.04	632.7	2697.28	19341.34	4272.69	2643.87	113.3	92.76	934.49	4023.87	2807.36	4230.18	4675.07	6438.17	6568.23	217.02	645.48	1919.85	8022.46	1339.43	533.79	9045.29	2864.07	550.04	1790.05	3640.95	407.48	437.03	2724.39	1826.21	584.06	3533.34	812.41	1326.1	2038.56	7259.02	2321.57	1366.49	1380.22	478.19	6634.24	665.14	275.89	4817.45	572.49	1085.72	487.85	632.7	2921.93	383.75	464.05	235.1	3904.95	262.43	5710.15	1107.65	372.41	1224.15	1826.21	1012.32	492.75	122.73	572.49	464.05	1510.2	259.82	333.62	1053.63	1043.15
Histidine	925.19	845.56	284.29	1043.15	327.01	459.44	327.01	130.32	183.09	706.27	247.15	497.7	154.47	190.57	24.05	22.87	160.77	190.57	343.78	419.89	347.23	437.03	720.54	14.15	146.94	383.75	1863.11	1164.45	53.52	473.43	148.41	347.23	108.85	61.56	101.49	135.64	507.76	482.99	487.85	142.59	254.68	148.41	330.3	100.48	145.47	492.75	35.16	132.95	265.07	30.57	44.26	51.42	502.7	129.02	26.58	26.58	395.44	614	295.89	28.5	98.49	16.28	103.54	56.26	35.52	399.41	720.54	39.25	544.57	27.39	78.26	66.69	267.74	64.07	43.38	135.64	174.16
Hypoxanthine	97.51	82.27	114.43	223.63	66.69	62.8	25.79	20.7	80.64	43.82	40.85	33.78	162.39	36.6	4.22	5.05	29.37	92.76	42.52	23.81	45.6	165.67	44.26	6.49	14.3	24.05	265.07	24.05	29.37	97.51	13.2	55.15	33.12	40.04	29.08	32.14	101.49	82.27	59.74	14.88	83.93	67.36	31.19	135.64	194.42	165.67	7.77	3.78	57.97	12.18	5.16	12.68	131.63	162.39	7.77	6.11	24.53	146.94	90.92	44.7	59.74	15.18	75.19	39.25	9.3	31.82	175.91	11.7	154.47	17.81	27.11	5.37	89.12	44.7	35.52	35.87	16.61
Isoleucine	5.58	8.17	9.3	37.71	40.04	8.17	2.1	2.18	7.1	14.44	8.76	12.3	6.69	11.25	2.32	3.35	14.88	6.82	10.91	10.49	11.13	18.36	15.33	2.92	8.17	9.3	11.7	18.92	3.82	10.38	5.1	8.17	3.9	14.01	3.67	5.64	5.53	6.3	5	10.38	5.47	13.33	1.95	13.2	9.68	7.17	2.97	2.69	17.99	4.01	4.01	4.06	12.94	7.24	2.89	2.89	7.69	12.68	14.59	2.12	16.28	1.79	2.8	6.3	2.25	8.33	21.33	4.44	17.64	4.66	4.18	2.94	9.87	7.85	3.22	4.14	2.72
Lactate	106.7	368.71	749.95	368.71	3640.95	113.3	130.32	22.65	39.65	196.37	66.02	192.48	149.9	107.77	17.46	194.42	18.17	132.95	90.02	90.92	80.64	177.68	149.9	55.15	41.26	138.38	424.11	87.36	15.18	125.21	35.52	73.7	42.1	61.56	19.89	19.69	63.43	188.67	87.36	145.47	98.49	200.34	48.42	139.77	350.72	507.76	53.52	27.11	81.45	94.63	27.66	62.8	112.17	196.37	17.46	7.85	30.88	137	98.49	63.43	174.16	24.05	47.94	15.03	7.32	60.34	131.63	35.16	198.34	35.52	17.81	22.87	42.52	39.25	109.95	21.76	31.5
Leucine	42.1	77.48	31.5	103.54	101.49	28.79	39.25	11.47	16.61	23.1	19.89	23.1	30.57	24.05	3.46	4.81	14.01	21.76	14.3	16.78	21.33	40.04	62.18	8.76	20.91	15.8	58.56	27.39	5.05	46.53	10.7	46.53	14.01	18.54	11.13	11.25	41.26	19.11	37.71	31.19	24.53	97.51	21.98	34.12	36.6	49.4	9.12	9.21	25.53	9.03	5.31	4.95	25.53	20.91	3.63	11.25	21.98	23.1	24.05	8.5	8.5	3.29	14.44	6.42	4.31	17.46	38.09	7.1	31.5	7.54	8.94	2.51	16.95	8.85	7.39	16.28	14.15
Lysine	146.94	284.29	97.51	290.03	122.73	120.3	127.74	65.37	63.43	265.07	119.1	181.27	44.7	47.94	85.63	15.18	123.97	80.64	67.36	117.92	121.51	119.1	237.46	25.28	17.81	69.41	239.85	177.68	26.05	137	16.95	62.18	115.58	170.72	75.94	22.2	32.79	92.76	464.05	31.5	78.26	340.36	45.6	94.63	96.54	295.89	26.05	22.2	52.98	16.12	28.79	12.18	106.7	48.91	10.49	19.49	44.7	85.63	87.36	34.81	36.97	17.46	82.27	28.79	21.76	63.43	91.84	24.53	292.95	17.12	35.87	30.27	46.06	19.11	31.5	788.4	478.19
Methylamine	52.46	23.57	18.73	48.91	27.94	36.97	24.78	3.6	12.3	14.73	46.99	47.94	27.94	21.98	8.08	2.53	15.49	20.7	19.11	43.82	11.94	26.58	30.27	1.77	15.8	21.98	19.3	10.8	6.49	27.11	12.06	24.05	10.38	9.3	4.26	6.49	18.54	44.26	10.91	6.3	24.05	29.67	20.49	13.46	20.09	46.99	5.26	5.05	39.65	5.58	5.1	1.51	9.03	44.7	4.1	4.44	26.84	4.39	17.46	20.29	16.44	3.53	3.67	5.75	2.56	9.03	14.73	4.18	17.29	3.42	6.49	3.97	41.26	5.05	7.85	5	2.44
Methylguanidine	9.97	7.69	4.66	141.17	5.31	43.38	28.79	4.31	13.46	43.82	70.81	19.89	16.95	8	2.56	6.75	3.29	4.26	8.5	11.13	6.3	34.47	31.82	2.53	7.46	10.8	6.42	2.41	2.34	34.12	18.54	11.82	3.97	3.19	2.08	6.3	33.12	22.2	14.01	2.29	17.99	34.81	8.85	14.73	6.3	20.09	2.48	1.7	7.85	2.8	5.16	6.75	26.58	8.67	5.26	2.92	5	34.47	35.16	3.39	4.31	2.92	4.39	6.89	3.67	26.58	44.26	3.49	36.6	17.29	1.77	1.86	10.91	19.3	14.3	12.43	7.17
N.N.Dimethylglycine	23.34	87.36	24.53	40.04	46.06	24.29	42.1	8.17	11.7	33.78	39.25	30.88	27.66	7.24	4.57	3.42	14.73	26.84	44.7	28.79	52.46	114.43	49.4	5.42	29.96	34.81	120.3	40.45	0.79	73.7	21.98	24.05	21.98	31.5	15.64	19.89	61.56	55.7	48.42	6.11	44.26	8.17	22.87	54.05	69.41	19.69	4.57	11.7	52.46	3.1	1.93	6.62	21.33	17.12	3.16	3.19	20.29	31.19	42.52	13.46	11.59	1.23	3.46	6.89	1.62	4.57	6.23	24.05	42.95	8.67	11.59	7.03	23.34	10.28	9.21	3.63	3.49
O.Acetylcarnitine	52.98	50.4	5.58	254.68	45.6	13.46	9.68	2.41	2.41	157.59	40.04	7.17	9.58	7.32	4.76	3.6	33.45	14.44	6.96	12.68	16.95	14.15	42.95	1.55	15.33	19.89	46.06	33.78	1.57	25.03	9.3	8.94	29.37	40.04	14.15	2.41	11.82	7.24	20.91	4.57	11.47	10.91	32.14	18.54	10.38	15.64	1.65	1.93	13.74	4.53	3.06	1.77	29.96	43.82	1.95	2.08	1.97	16.44	17.99	16.12	23.57	2.53	10.07	21.54	3.71	11.59	17.29	23.81	3.86	1.6	3.94	1.23	12.06	1.84	7.24	10.59	6.11
Pantothenate	25.79	186.79	145.47	42.52	74.44	35.52	22.65	3.63	11.02	19.89	126.47	49.4	90.92	20.09	2.86	2.61	7.17	11.13	14.73	137	27.39	23.34	24.29	2.59	12.3	17.29	36.97	27.39	32.46	41.26	13.46	31.19	10.07	24.05	57.97	6.49	21.33	29.96	17.99	13.6	26.84	98.49	20.09	55.7	87.36	30.57	56.83	10.8	692.29	13.74	6.82	24.53	27.66	223.63	9.21	4.48	174.16	24.53	29.08	7.32	19.3	9.49	46.06	11.25	3.1	27.11	71.52	4.06	41.68	6.05	9.49	3.74	20.49	14.44	11.82	15.03	15.8
Pyroglutamate	437.03	437.03	713.37	566.8	184.93	432.68	183.09	30.88	84.77	399.41	162.39	419.89	327.01	239.85	42.95	37.71	252.14	301.87	343.78	278.66	149.9	290.03	379.93	44.7	109.95	162.39	788.4	343.78	46.06	340.36	76.71	270.43	99.48	142.59	244.69	50.91	198.34	502.7	138.38	68.72	343.78	1064.22	59.74	244.69	365.04	249.64	51.94	54.05	298.87	39.65	71.52	82.27	156.02	169.02	35.87	25.28	73.7	135.64	157.59	85.63	441.42	21.33	179.47	65.37	26.31	127.74	314.19	160.77	247.15	40.04	44.7	28.79	152.93	76.71	68.72	97.51	99.48
Pyruvate	21.12	36.97	29.37	64.07	12.3	32.79	16.61	2.41	7.46	20.91	26.05	52.46	45.15	4.62	4.01	4.85	5.64	18.17	2.92	35.52	26.05	48.42	23.57	9.21	21.54	4.57	58.56	27.94	2.41	56.26	18.73	21.33	6.23	13.46	3.94	19.11	62.8	33.78	41.68	3.82	15.03	48.91	7.46	25.28	184.93	32.46	1.8	0.9	22.65	6.69	1.28	2.23	15.96	8.08	2.89	6.11	9.49	29.08	30.88	1.77	17.29	1.62	7.1	10.38	6.75	4.35	59.15	4.44	66.69	4.81	6.3	5.93	15.49	5.93	12.06	4.14	6.55
Quinolinate	165.67	72.97	192.48	86.49	38.09	112.17	46.53	14.15	38.09	151.41	39.25	196.37	177.68	56.26	16.12	24.53	62.8	79.84	90.02	74.44	53.52	85.63	127.74	17.81	83.93	61.56	54.05	102.51	20.09	107.77	57.4	75.94	37.34	75.94	56.83	46.06	131.63	259.82	55.15	34.47	98.49	119.1	50.91	102.51	139.77	106.7	38.09	21.54	164.02	12.55	51.42	21.98	32.14	101.49	10.8	7.32	54.05	40.04	43.38	83.93	87.36	9.39	47.47	25.28	22.2	46.99	49.9	25.53	51.42	5.21	12.18	13.33	46.53	27.94	22.42	15.33	26.58
Serine	284.29	391.51	295.89	1248.88	206.44	387.61	275.89	48.42	47.94	706.27	160.77	292.95	219.2	151.41	33.12	32.46	217.02	225.88	142.59	407.48	114.43	407.48	115.58	38.86	132.95	141.17	391.51	441.42	25.28	278.66	138.38	290.03	64.72	129.02	186.79	114.43	225.88	159.17	237.46	104.58	198.34	692.29	130.32	323.76	323.76	333.62	38.09	70.11	225.88	49.4	32.46	127.74	270.43	122.73	30.88	16.12	126.47	270.43	198.34	39.25	160.77	46.53	217.02	84.77	33.45	105.64	383.75	51.94	219.2	57.97	90.92	42.1	177.68	127.74	120.3	83.1	84.77
Succinate	154.47	244.69	142.59	144.03	68.72	33.45	21.33	5.31	18.54	121.51	74.44	26.31	40.45	44.7	15.96	6.69	13.74	117.92	81.45	51.42	28.22	82.27	57.97	48.91	16.95	65.37	589.93	97.51	16.61	34.47	7.39	75.94	27.39	41.68	45.15	6.05	18.17	208.51	6.36	51.94	164.02	204.38	20.49	135.64	204.38	44.26	14.88	19.49	221.41	5.99	1.9	30.88	24.78	88.23	5.47	3.03	43.82	25.79	16.95	59.74	5.31	3.19	34.12	8.5	1.72	66.69	50.91	3.03	104.58	5.1	8.58	15.03	20.91	7.24	4.57	3.9	4.22
Sucrose	45.15	459.44	160.77	111.05	75.19	336.97	25.79	22.2	162.39	196.37	24.53	2079.74	53.52	56.83	10.49	24.29	175.91	95.58	72.24	502.7	64.72	42.1	528.48	70.11	21.98	75.94	71.52	28.22	16.95	55.7	56.26	116.75	23.1	40.85	336.97	14.59	58.56	281.46	94.63	94.63	17.12	108.85	21.33	29.08	36.97	42.95	10.18	30.57	41.68	14.88	43.82	29.96	19.3	601.85	18.36	9.21	19.49	16.78	17.46	55.15	254.68	17.99	10.91	17.29	17.64	36.97	109.95	11.94	39.65	83.93	17.12	25.03	12.06	13.46	6.49	34.12	39.65
Tartrate	97.51	32.79	16.28	837.15	4.53	24.05	175.91	2.44	8.67	9.58	55.7	13.07	11.94	127.74	4.39	3.67	5.37	14.73	5.7	85.63	27.11	26.84	20.49	8.33	18.92	12.81	196.37	23.34	14.15	24.78	6.55	17.81	5.93	16.28	25.79	12.81	26.05	10.28	8.58	14.88	16.78	90.92	5.87	15.96	17.64	14.88	3.03	10.91	47.94	9.12	2.2	8.41	12.94	96.54	3.9	3.39	8.94	40.45	10.7	3.53	10.91	3.9	11.82	7.39	33.78	11.25	16.61	6.89	20.29	4.71	4.9	10.8	273.14	6.69	6.49	141.17	30.57
Taurine	1919.85	1261.43	4272.69	1525.38	468.72	2059.05	387.61	73.7	247.15	812.41	221.41	544.57	57.4	544.57	108.85	126.47	91.84	219.2	301.87	1495.18	1187.97	1164.45	79.84	212.72	518.01	290.03	323.76	1737.15	24.29	428.38	123.97	82.27	555.57	336.97	55.15	64.72	99.48	880.07	665.14	97.51	79.04	1790.05	713.37	239.85	1224.15	972.63	132.95	114.43	1510.2	17.81	28.22	85.63	492.75	228.15	208.51	175.91	1064.22	254.68	544.57	64.72	247.15	27.94	137	428.38	127.74	671.83	1211.97	66.02	347.23	63.43	259.82	32.79	645.48	41.68	154.47	249.64	113.3
Threonine	184.93	198.34	109.95	376.15	64.07	105.64	135.64	19.49	60.34	450.34	99.48	170.72	70.11	58.56	20.7	26.84	8.25	68.72	106.7	141.17	91.84	98.49	188.67	8.94	81.45	68.03	295.89	267.74	10.18	137	48.91	81.45	31.82	46.06	45.6	47.94	127.74	275.89	144.03	64.07	162.39	198.34	62.8	145.47	179.47	148.41	22.2	39.65	119.1	30.57	12.18	23.57	156.02	123.97	9.12	10.07	64.72	157.59	129.02	44.7	62.18	12.06	39.25	26.31	10.59	52.46	117.92	17.64	249.64	20.09	38.09	18.54	49.4	40.85	17.46	60.34	32.46
Trigonelline	943.88	208.51	192.48	992.27	86.49	862.64	188.67	17.81	62.8	478.19	79.04	225.88	507.76	131.63	40.45	62.18	10.28	320.54	330.3	80.64	196.37	387.61	1096.63	83.1	21.54	149.9	2252.96	880.07	24.78	1352.89	459.44	53.52	49.9	83.1	278.66	116.75	340.36	1754.61	38.09	154.47	387.61	170.72	383.75	89.12	186.79	46.53	41.26	22.65	566.8	70.11	51.94	17.12	93.69	343.78	10.07	26.84	92.76	106.7	38.09	415.72	450.34	33.12	141.17	80.64	59.15	12.55	62.18	114.43	376.15	134.29	67.36	30.88	58.56	74.44	40.45	174.16	154.47
Trimethylamine.N.oxide	2121.76	639.06	1152.86	1450.99	172.43	880.07	614	190.57	403.43	411.58	626.41	295.89	584.06	897.85	90.92	66.69	1465.57	1900.74	343.78	658.52	671.83	1571.84	1107.65	152.93	175.91	372.41	1326.1	323.76	148.41	502.7	175.91	812.41	424.11	403.43	135.64	219.2	735.1	699.24	301.87	284.29	5486.25	5377.61	151.41	482.99	290.03	1096.63	159.17	55.7	482.99	167.34	125.21	139.77	186.79	982.4	383.75	92.76	196.37	107.77	273.14	134.29	620.17	101.49	1540.71	336.97	478.19	437.03	972.63	340.36	1118.79	72.97	130.32	82.27	202.35	307.97	943.88	242.26	403.43
Tryptophan	259.82	83.1	82.27	235.1	103.54	239.85	100.48	23.34	15.8	82.27	90.92	82.27	96.54	71.52	11.25	9.87	169.02	46.99	115.58	56.83	82.27	98.49	162.39	15.49	79.04	107.77	83.1	96.54	8.67	76.71	31.19	42.95	36.6	44.26	24.29	34.12	103.54	66.02	64.07	51.94	132.95	28.5	64.72	40.04	105.64	164.02	24.05	13.2	120.3	20.09	20.91	12.3	111.05	31.82	10.91	10.49	74.44	107.77	37.34	35.87	27.94	13.46	33.12	19.3	14.44	56.26	97.51	24.05	184.93	17.99	17.81	14.3	46.06	21.33	14.88	17.46	27.66
Tyrosine	290.03	167.34	60.34	323.76	142.59	127.74	97.51	35.16	54.6	137	29.08	90.92	111.05	62.8	14.01	15.8	144.03	86.49	87.36	49.9	61.56	83.93	102.51	21.54	53.52	162.39	539.15	159.17	11.59	98.49	15.03	62.8	26.58	68.03	15.18	33.45	113.3	120.3	98.49	73.7	217.02	42.95	85.63	39.65	92.76	181.27	27.39	34.12	156.02	14.15	11.47	19.89	179.47	56.83	7.85	4.22	64.72	126.47	34.81	48.91	129.02	5.58	24.05	23.57	9.78	58.56	135.64	84.77	139.77	13.74	20.7	21.12	45.15	21.33	15.18	29.96	23.57
Uracil	111.05	46.99	31.5	30.57	44.26	29.67	27.66	4.31	24.53	23.34	58.56	108.85	53.52	18.92	4.22	5.7	25.79	28.79	8.5	38.47	62.8	72.24	12.94	9.03	12.81	11.94	179.47	14.44	6.36	19.89	7.61	17.12	13.6	29.67	11.94	20.09	29.67	29.37	42.1	10.49	29.37	55.15	35.52	107.77	120.3	39.65	36.6	9.68	27.39	14.01	9.58	3.1	56.26	135.64	7.24	7.24	36.23	57.4	58.56	15.8	22.42	14.59	55.15	20.29	5.81	23.1	51.94	5.26	138.38	9.58	28.22	5.87	62.18	31.19	39.65	13.46	9.58
Valine	86.49	109.95	59.15	102.51	160.77	36.97	39.25	9.97	20.09	38.09	31.82	52.98	50.4	34.47	4.35	8.41	15.03	53.52	24.29	40.04	42.95	46.99	75.94	10.59	33.12	38.47	120.3	90.92	5.42	56.26	14.59	35.87	17.46	33.45	9.68	19.11	52.98	42.95	33.12	52.98	36.23	75.19	26.84	52.46	60.34	66.02	13.6	7.32	47.94	7.61	10.49	7.85	34.47	35.87	9.21	6.3	29.96	37.71	30.88	18.17	25.28	4.1	17.12	10.59	5.75	25.53	56.83	9.3	53.52	5.93	12.18	8.5	33.45	13.2	13.74	14.59	10.59
Xylose	72.24	192.48	2164.62	125.21	186.79	89.12	91.84	29.67	33.12	95.58	59.15	60.34	129.02	154.47	40.85	16.61	38.09	79.84	27.66	112.17	42.95	54.05	64.72	36.97	24.29	54.6	70.11	70.11	19.3	194.42	45.15	47.47	36.97	68.03	20.49	20.49	51.42	107.77	75.94	111.05	79.84	454.86	40.85	87.36	113.3	111.05	174.16	39.25	96.54	26.58	32.79	10.07	55.7	31.82	29.96	21.54	50.4	259.82	45.6	27.94	75.94	19.49	46.53	13.07	38.86	49.9	407.48	42.52	58.56	11.82	26.05	21.33	62.8	14.3	21.76	36.97	19.89
cis.Aconitate	237.46	333.62	330.3	1863.11	101.49	287.15	129.02	32.14	79.84	179.47	232.76	270.43	450.34	79.04	21.54	15.03	160.77	232.76	159.17	252.14	262.43	445.86	287.15	16.61	29.96	242.26	1236.45	254.68	15.03	459.44	87.36	395.44	41.68	101.49	51.94	103.54	347.23	254.68	179.47	65.37	202.35	340.36	97.51	482.99	953.37	539.15	31.82	21.98	221.41	26.58	12.94	83.1	156.02	175.91	18.54	18.54	54.05	183.09	242.26	23.1	27.39	28.22	160.77	73.7	22.2	157.59	270.43	65.37	298.87	19.3	34.47	25.79	103.54	36.23	40.85	90.92	58.56
myo.Inositol	135.64	376.15	86.49	247.15	749.95	129.02	32.14	12.55	58.56	64.72	154.47	41.68	84.77	117.92	23.1	21.98	160.77	72.97	83.1	179.47	206.44	267.74	174.16	114.43	561.16	70.11	230.44	79.84	13.87	139.77	51.42	78.26	632.7	854.06	60.34	14.3	138.38	175.91	53.52	257.24	102.51	137	60.34	314.19	275.89	626.41	23.34	44.7	314.19	14.73	21.98	16.28	54.6	167.34	15.8	11.59	135.64	100.48	30.27	41.68	181.27	20.29	29.67	26.58	23.57	36.23	129.02	31.19	177.68	12.81	48.42	30.57	78.26	11.59	30.88	17.64	24.29
trans.Aconitate	51.94	217.02	58.56	75.94	98.49	121.51	24.78	8.25	27.39	117.92	24.53	24.53	70.81	64.07	46.06	7.92	30.88	103.54	77.48	62.18	14.3	38.86	74.44	19.89	11.7	26.84	93.69	44.26	6.69	68.03	8.25	37.71	15.64	28.79	50.91	6.96	48.42	90.92	17.81	17.64	57.4	50.4	17.81	20.49	44.7	59.74	8.17	9.68	96.54	7.77	19.49	7.85	30.27	181.27	7.39	11.36	15.03	21.76	29.37	12.43	81.45	4.9	20.49	13.6	21.12	30.27	56.26	11.02	30.57	35.52	6.55	7.85	18.17	12.3	8.5	12.43	13.07
pi.Methylhistidine	157.59	307.97	145.47	249.64	84.77	399.41	232.76	55.15	169.02	88.23	146.94	1074.92	242.26	699.24	20.91	175.91	862.64	196.37	275.89	79.84	2697.28	671.83	84.77	49.4	16.61	275.89	1248.88	2670.44	18.36	368.71	265.07	267.74	347.23	160.77	135.64	162.39	1844.57	89.12	210.61	141.17	60.95	249.64	1236.45	387.61	399.41	1002.25	25.28	73.7	572.49	63.43	54.05	15.64	934.49	307.97	32.14	30.27	126.47	259.82	1187.97	46.53	72.97	67.36	67.36	200.34	72.24	32.46	403.43	98.49	943.88	11.36	62.18	25.53	871.31	53.52	90.02	897.85	83.93
tau.Methylhistidine	160.77	130.32	83.93	254.68	79.84	68.72	21.98	17.29	101.49	81.45	47.94	95.58	60.95	159.17	8	36.6	75.94	43.82	41.26	78.26	151.41	172.43	55.15	18.73	64.72	170.72	130.32	265.07	15.18	119.1	84.77	287.15	46.06	26.31	36.6	62.18	317.35	62.8	137	28.22	127.74	76.71	210.61	239.85	249.64	144.03	18.54	12.55	125.21	16.44	11.13	8.58	156.02	170.72	18.54	16.78	20.09	113.3	184.93	26.31	100.48	16.12	79.84	55.7	15.96	71.52	287.15	52.46	48.42	9.03	29.67	17.46	84.77	44.7	28.22	90.02	27.39
